city,dates,Cases,I
Alicante,2020-02-16,10,10
Alicante,2020-02-17,11,1
Alicante,2020-02-18,12,1
Alicante,2020-02-19,13,1
Alicante,2020-02-20,13,0
Alicante,2020-02-21,14,1
Alicante,2020-02-22,15,1
Alicante,2020-02-23,17,2
Alicante,2020-02-24,23,6
Alicante,2020-02-25,24,1
Alicante,2020-02-26,27,3
Alicante,2020-02-27,31,4
Alicante,2020-02-28,37,6
Alicante,2020-02-29,45,8
Alicante,2020-03-01,59,14
Alicante,2020-03-02,75,16
Alicante,2020-03-03,85,10
Alicante,2020-03-04,100,15
Alicante,2020-03-05,120,20
Alicante,2020-03-06,145,25
Alicante,2020-03-07,163,18
Alicante,2020-03-08,204,41
Alicante,2020-03-09,262,58
Alicante,2020-03-10,368,106
Alicante,2020-03-11,478,110
Alicante,2020-03-12,604,126
Alicante,2020-03-13,758,154
Alicante,2020-03-14,931,173
Alicante,2020-03-15,1120,189
Alicante,2020-03-16,1335,215
Alicante,2020-03-17,1533,198
Alicante,2020-03-18,1710,177
Alicante,2020-03-19,1902,192
Alicante,2020-03-20,2122,220
Alicante,2020-03-21,2274,152
Alicante,2020-03-22,2425,151
Alicante,2020-03-23,2577,152
Alicante,2020-03-24,2693,116
Alicante,2020-03-25,2813,120
Alicante,2020-03-26,2923,110
Alicante,2020-03-27,3028,105
Alicante,2020-03-28,3120,92
Alicante,2020-03-29,3172,52
Alicante,2020-03-30,3238,66
Alicante,2020-03-31,3306,68
Alicante,2020-04-01,3373,67
Alicante,2020-04-02,3421,48
Alicante,2020-04-03,3478,57
Alicante,2020-04-04,3511,33
Alicante,2020-04-05,3538,27
Alicante,2020-04-06,3572,34
Alicante,2020-04-07,3595,23
Alicante,2020-04-08,3626,31
Alicante,2020-04-09,3660,34
Alicante,2020-04-10,3690,30
Alicante,2020-04-11,3706,16
Alicante,2020-04-12,3714,8
Alicante,2020-04-13,3730,16
Alicante,2020-04-14,3744,14
Alicante,2020-04-15,3763,19
Alicante,2020-04-16,3787,24
Alicante,2020-04-17,3799,12
Alicante,2020-04-18,3819,20
Alicante,2020-04-19,3825,6
Alicante,2020-04-20,3836,11
Alicante,2020-04-21,3855,19
Alicante,2020-04-22,3873,18
Alicante,2020-04-23,3894,21
Alicante,2020-04-24,3913,19
Alicante,2020-04-25,3928,15
Alicante,2020-04-26,3932,4
Alicante,2020-04-27,3938,6
Alicante,2020-04-28,3960,22
Alicante,2020-04-29,3978,18
Alicante,2020-04-30,3988,10
Alicante,2020-05-01,3994,6
Alicante,2020-05-02,4005,11
Alicante,2020-05-03,4009,4
Alicante,2020-05-04,4012,3
Alicante,2020-05-05,4017,5
Alicante,2020-05-06,4019,2
Alicante,2020-05-07,4022,3
Alicante,2020-05-08,4026,4
Alicante,2020-05-09,4028,2
Alicante,2020-05-10,4031,3
Alicante,2020-05-11,4038,7
Alicante,2020-05-12,4046,8
Alicante,2020-05-13,4050,4
Alicante,2020-05-14,4060,10
Alicante,2020-05-15,4062,2
Alicante,2020-05-16,4067,5
Alicante,2020-05-17,4069,2
Alicante,2020-05-18,4072,3
Alicante,2020-05-19,4076,4
Alicante,2020-05-20,4082,6
Alicante,2020-05-21,4085,3
Alicante,2020-05-22,4093,8
Alicante,2020-05-23,4094,1
Alicante,2020-05-24,4094,0
Alicante,2020-05-25,4095,1
Alicante,2020-05-26,4102,7
Alicante,2020-05-27,4105,3
Alicante,2020-05-28,4106,1
Alicante,2020-05-29,4109,3
Alicante,2020-05-30,4109,0
Alicante,2020-05-31,4109,0
Alicante,2020-06-01,4113,4
Alicante,2020-06-02,4114,1
Alicante,2020-06-03,4115,1
Alicante,2020-06-04,4116,1
Alicante,2020-06-05,4117,1
Alicante,2020-06-06,4118,1
Alicante,2020-06-07,4119,1
Alicante,2020-06-08,4121,2
Alicante,2020-06-09,4123,2
Alicante,2020-06-10,4124,1
Alicante,2020-06-11,4125,1
Alicante,2020-06-12,4128,3
Alicante,2020-06-13,4128,0
Alicante,2020-06-14,4128,0
Alicante,2020-06-15,4130,2
Alicante,2020-06-16,4131,1
Alicante,2020-06-17,4133,2
Alicante,2020-06-18,4135,2
Alicante,2020-06-19,4136,1
Alicante,2020-06-20,4136,0
Alicante,2020-06-21,4139,3
Alicante,2020-06-22,4140,1
Alicante,2020-06-23,4141,1
Alicante,2020-06-24,4142,1
Alicante,2020-06-25,4144,2
Alicante,2020-06-26,4145,1
Alicante,2020-06-27,4145,0
Alicante,2020-06-28,4147,2
Alicante,2020-06-29,4150,3
Alicante,2020-06-30,4154,4
Alicante,2020-07-01,4159,5
Alicante,2020-07-02,4164,5
Alicante,2020-07-03,4165,1
Alicante,2020-07-04,4165,0
Alicante,2020-07-05,4168,3
Alicante,2020-07-06,4173,5
Alicante,2020-07-07,4177,4
Alicante,2020-07-08,4186,9
Alicante,2020-07-09,4193,7
Alicante,2020-07-10,4197,4
Alicante,2020-07-11,4204,7
Alicante,2020-07-12,4210,6
Alicante,2020-07-13,4225,15
Alicante,2020-07-14,4237,12
Alicante,2020-07-15,4259,22
Alicante,2020-07-16,4275,16
Alicante,2020-07-17,4312,37
Alicante,2020-07-18,4338,26
Alicante,2020-07-19,4362,24
Alicante,2020-07-20,4395,33
Alicante,2020-07-21,4441,46
Alicante,2020-07-22,4484,43
Alicante,2020-07-23,4518,34
Alicante,2020-07-24,4560,42
Alicante,2020-07-25,4612,52
Alicante,2020-07-26,4668,56
Alicante,2020-07-27,4736,68
Alicante,2020-07-28,4788,52
Alicante,2020-07-29,4873,85
Alicante,2020-07-30,4931,58
Alicante,2020-07-31,4997,66
Alicante,2020-08-01,5071,74
Alicante,2020-08-02,5134,63
Alicante,2020-08-03,5205,71
Alicante,2020-08-04,5282,77
Alicante,2020-08-05,5377,95
Alicante,2020-08-06,5453,76
Alicante,2020-08-07,5538,85
Alicante,2020-08-08,5621,83
Alicante,2020-08-09,5679,58
Alicante,2020-08-10,5797,118
Alicante,2020-08-11,5922,125
Alicante,2020-08-12,6036,114
Alicante,2020-08-13,6156,120
Alicante,2020-08-14,6290,134
Alicante,2020-08-15,6407,117
Alicante,2020-08-16,6541,134
Alicante,2020-08-17,6714,173
Alicante,2020-08-18,6873,159
Alicante,2020-08-19,7048,175
Alicante,2020-08-20,7212,164
Alicante,2020-08-21,7416,204
Alicante,2020-08-22,7586,170
Alicante,2020-08-23,7739,153
Alicante,2020-08-24,7942,203
Alicante,2020-08-25,8138,196
Alicante,2020-08-26,8326,188
Alicante,2020-08-27,8480,154
Alicante,2020-08-28,8663,183
Alicante,2020-08-29,8837,174
Alicante,2020-08-30,8963,126
Alicante,2020-08-31,9157,194
Alicante,2020-09-01,9350,193
Alicante,2020-09-02,9563,213
Alicante,2020-09-03,9766,203
Alicante,2020-09-04,10000,234
Alicante,2020-09-05,10175,175
Alicante,2020-09-06,10338,163
Alicante,2020-09-07,10567,229
Alicante,2020-09-08,10807,240
Alicante,2020-09-09,11038,231
Alicante,2020-09-10,11268,230
Alicante,2020-09-11,11505,237
Alicante,2020-09-12,11672,167
Alicante,2020-09-13,11825,153
Alicante,2020-09-14,12075,250
Alicante,2020-09-15,12254,179
Alicante,2020-09-16,12446,192
Alicante,2020-09-17,12641,195
Alicante,2020-09-18,12803,162
Alicante,2020-09-19,12959,156
Alicante,2020-09-20,13085,126
Alicante,2020-09-21,13270,185
Alicante,2020-09-22,13447,177
Alicante,2020-09-23,13615,168
Alicante,2020-09-24,13779,164
Alicante,2020-09-25,13966,187
Alicante,2020-09-26,14090,124
Alicante,2020-09-27,14177,87
Alicante,2020-09-28,14345,168
Alicante,2020-09-29,14496,151
Alicante,2020-09-30,14640,144
Alicante,2020-10-01,14811,171
Alicante,2020-10-02,14979,168
Alicante,2020-10-03,15122,143
Alicante,2020-10-04,15254,132
Alicante,2020-10-05,15501,247
Alicante,2020-10-06,15743,242
Alicante,2020-10-07,15957,214
Alicante,2020-10-08,16229,272
Alicante,2020-10-09,16462,233
Alicante,2020-10-10,16690,228
Alicante,2020-10-11,16843,153
Alicante,2020-10-12,17119,276
Alicante,2020-10-13,17386,267
Alicante,2020-10-14,17723,337
Alicante,2020-10-15,18049,326
Alicante,2020-10-16,18395,346
Alicante,2020-10-17,18707,312
Alicante,2020-10-18,19029,322
Alicante,2020-10-19,19509,480
Alicante,2020-10-20,19992,483
Alicante,2020-10-21,20433,441
Alicante,2020-10-22,20873,440
Alicante,2020-10-23,21275,402
Alicante,2020-10-24,21605,330
Alicante,2020-10-25,21885,280
Alicante,2020-10-26,22292,407
Alicante,2020-10-27,22696,404
Alicante,2020-10-28,23107,411
Alicante,2020-10-29,23461,354
Alicante,2020-10-30,23913,452
Alicante,2020-10-31,24261,348
Alicante,2020-11-01,24561,300
Alicante,2020-11-02,24984,423
Alicante,2020-11-03,25308,324
Alicante,2020-11-04,25647,339
Alicante,2020-11-05,25970,323
Alicante,2020-11-06,26282,312
Alicante,2020-11-07,26472,190
Alicante,2020-11-08,26592,120
Alicante,2020-11-09,26686,94
Alicante,2020-11-10,26811,125
Alicante,2020-11-11,26827,16
Alicante,2020-11-12,26827,0
Alicante,2020-11-13,26827,0
Alicante,2020-11-14,26827,0
Alicante,2020-11-15,26827,0
