city,dates,Cases,I
Barcelona,2020-01-21,10,10
Barcelona,2020-01-22,11,1
Barcelona,2020-01-23,11,0
Barcelona,2020-01-24,11,0
Barcelona,2020-01-25,11,0
Barcelona,2020-01-26,12,1
Barcelona,2020-01-27,15,3
Barcelona,2020-01-28,15,0
Barcelona,2020-01-29,15,0
Barcelona,2020-01-30,15,0
Barcelona,2020-01-31,16,1
Barcelona,2020-02-01,23,7
Barcelona,2020-02-02,23,0
Barcelona,2020-02-03,25,2
Barcelona,2020-02-04,29,4
Barcelona,2020-02-05,30,1
Barcelona,2020-02-06,30,0
Barcelona,2020-02-07,32,2
Barcelona,2020-02-08,32,0
Barcelona,2020-02-09,33,1
Barcelona,2020-02-10,36,3
Barcelona,2020-02-11,40,4
Barcelona,2020-02-12,46,6
Barcelona,2020-02-13,51,5
Barcelona,2020-02-14,52,1
Barcelona,2020-02-15,63,11
Barcelona,2020-02-16,67,4
Barcelona,2020-02-17,68,1
Barcelona,2020-02-18,73,5
Barcelona,2020-02-19,74,1
Barcelona,2020-02-20,86,12
Barcelona,2020-02-21,100,14
Barcelona,2020-02-22,108,8
Barcelona,2020-02-23,115,7
Barcelona,2020-02-24,123,8
Barcelona,2020-02-25,140,17
Barcelona,2020-02-26,165,25
Barcelona,2020-02-27,178,13
Barcelona,2020-02-28,207,29
Barcelona,2020-02-29,225,18
Barcelona,2020-03-01,302,77
Barcelona,2020-03-02,367,65
Barcelona,2020-03-03,438,71
Barcelona,2020-03-04,561,123
Barcelona,2020-03-05,715,154
Barcelona,2020-03-06,937,222
Barcelona,2020-03-07,1195,258
Barcelona,2020-03-08,1480,285
Barcelona,2020-03-09,1977,497
Barcelona,2020-03-10,2663,686
Barcelona,2020-03-11,3319,656
Barcelona,2020-03-12,4209,890
Barcelona,2020-03-13,5384,1175
Barcelona,2020-03-14,6510,1126
Barcelona,2020-03-15,7708,1198
Barcelona,2020-03-16,9129,1421
Barcelona,2020-03-17,10436,1307
Barcelona,2020-03-18,11846,1410
Barcelona,2020-03-19,13176,1330
Barcelona,2020-03-20,14782,1606
Barcelona,2020-03-21,15946,1164
Barcelona,2020-03-22,17008,1062
Barcelona,2020-03-23,18241,1233
Barcelona,2020-03-24,19373,1132
Barcelona,2020-03-25,20529,1156
Barcelona,2020-03-26,21674,1145
Barcelona,2020-03-27,22710,1036
Barcelona,2020-03-28,23792,1082
Barcelona,2020-03-29,24598,806
Barcelona,2020-03-30,25574,976
Barcelona,2020-03-31,26500,926
Barcelona,2020-04-01,27556,1056
Barcelona,2020-04-02,28417,861
Barcelona,2020-04-03,29388,971
Barcelona,2020-04-04,30186,798
Barcelona,2020-04-05,30882,696
Barcelona,2020-04-06,31530,648
Barcelona,2020-04-07,32125,595
Barcelona,2020-04-08,32944,819
Barcelona,2020-04-09,33785,841
Barcelona,2020-04-10,34630,845
Barcelona,2020-04-11,35559,929
Barcelona,2020-04-12,36082,523
Barcelona,2020-04-13,36562,480
Barcelona,2020-04-14,37170,608
Barcelona,2020-04-15,37766,596
Barcelona,2020-04-16,38329,563
Barcelona,2020-04-17,38782,453
Barcelona,2020-04-18,39117,335
Barcelona,2020-04-19,39343,226
Barcelona,2020-04-20,39647,304
Barcelona,2020-04-21,39811,164
Barcelona,2020-04-22,40074,263
Barcelona,2020-04-23,40296,222
Barcelona,2020-04-24,40508,212
Barcelona,2020-04-25,40647,139
Barcelona,2020-04-26,40774,127
Barcelona,2020-04-27,40880,106
Barcelona,2020-04-28,41023,143
Barcelona,2020-04-29,41146,123
Barcelona,2020-04-30,41313,167
Barcelona,2020-05-01,41444,131
Barcelona,2020-05-02,41567,123
Barcelona,2020-05-03,41687,120
Barcelona,2020-05-04,41792,105
Barcelona,2020-05-05,41845,53
Barcelona,2020-05-06,41886,41
Barcelona,2020-05-07,41941,55
Barcelona,2020-05-08,41999,58
Barcelona,2020-05-09,42041,42
Barcelona,2020-05-10,42105,64
Barcelona,2020-05-11,42214,109
Barcelona,2020-05-12,42312,98
Barcelona,2020-05-13,42440,128
Barcelona,2020-05-14,42555,115
Barcelona,2020-05-15,42726,171
Barcelona,2020-05-16,42809,83
Barcelona,2020-05-17,42879,70
Barcelona,2020-05-18,43029,150
Barcelona,2020-05-19,43206,177
Barcelona,2020-05-20,43351,145
Barcelona,2020-05-21,43528,177
Barcelona,2020-05-22,43783,255
Barcelona,2020-05-23,43874,91
Barcelona,2020-05-24,43978,104
Barcelona,2020-05-25,44147,169
Barcelona,2020-05-26,44323,176
Barcelona,2020-05-27,44447,124
Barcelona,2020-05-28,44616,169
Barcelona,2020-05-29,44760,144
Barcelona,2020-05-30,44828,68
Barcelona,2020-05-31,44860,32
Barcelona,2020-06-01,44908,48
Barcelona,2020-06-02,44978,70
Barcelona,2020-06-03,45061,83
Barcelona,2020-06-04,45152,91
Barcelona,2020-06-05,45270,118
Barcelona,2020-06-06,45316,46
Barcelona,2020-06-07,45353,37
Barcelona,2020-06-08,45437,84
Barcelona,2020-06-09,45515,78
Barcelona,2020-06-10,45615,100
Barcelona,2020-06-11,45702,87
Barcelona,2020-06-12,45791,89
Barcelona,2020-06-13,45814,23
Barcelona,2020-06-14,45839,25
Barcelona,2020-06-15,45894,55
Barcelona,2020-06-16,45955,61
Barcelona,2020-06-17,46019,64
Barcelona,2020-06-18,46085,66
Barcelona,2020-06-19,46147,62
Barcelona,2020-06-20,46195,48
Barcelona,2020-06-21,46231,36
Barcelona,2020-06-22,46296,65
Barcelona,2020-06-23,46384,88
Barcelona,2020-06-24,46423,39
Barcelona,2020-06-25,46506,83
Barcelona,2020-06-26,46613,107
Barcelona,2020-06-27,46656,43
Barcelona,2020-06-28,46704,48
Barcelona,2020-06-29,46802,98
Barcelona,2020-06-30,46888,86
Barcelona,2020-07-01,47042,154
Barcelona,2020-07-02,47160,118
Barcelona,2020-07-03,47301,141
Barcelona,2020-07-04,47406,105
Barcelona,2020-07-05,47534,128
Barcelona,2020-07-06,47740,206
Barcelona,2020-07-07,47964,224
Barcelona,2020-07-08,48201,237
Barcelona,2020-07-09,48448,247
Barcelona,2020-07-10,48816,368
Barcelona,2020-07-11,49025,209
Barcelona,2020-07-12,49257,232
Barcelona,2020-07-13,49698,441
Barcelona,2020-07-14,50127,429
Barcelona,2020-07-15,50677,550
Barcelona,2020-07-16,51202,525
Barcelona,2020-07-17,51882,680
Barcelona,2020-07-18,52303,421
Barcelona,2020-07-19,52707,404
Barcelona,2020-07-20,53436,729
Barcelona,2020-07-21,54166,730
Barcelona,2020-07-22,54917,751
Barcelona,2020-07-23,55700,783
Barcelona,2020-07-24,56519,819
Barcelona,2020-07-25,56992,473
Barcelona,2020-07-26,57415,423
Barcelona,2020-07-27,58254,839
Barcelona,2020-07-28,59070,816
Barcelona,2020-07-29,59929,859
Barcelona,2020-07-30,60752,823
Barcelona,2020-07-31,61682,930
Barcelona,2020-08-01,62238,556
Barcelona,2020-08-02,62614,376
Barcelona,2020-08-03,63363,749
Barcelona,2020-08-04,64189,826
Barcelona,2020-08-05,65040,851
Barcelona,2020-08-06,65810,770
Barcelona,2020-08-07,66789,979
Barcelona,2020-08-08,67370,581
Barcelona,2020-08-09,67790,420
Barcelona,2020-08-10,68656,866
Barcelona,2020-08-11,69436,780
Barcelona,2020-08-12,70287,851
Barcelona,2020-08-13,71120,833
Barcelona,2020-08-14,72015,895
Barcelona,2020-08-15,72588,573
Barcelona,2020-08-16,73092,504
Barcelona,2020-08-17,73941,849
Barcelona,2020-08-18,74854,913
Barcelona,2020-08-19,75689,835
Barcelona,2020-08-20,76662,973
Barcelona,2020-08-21,77578,916
Barcelona,2020-08-22,78171,593
Barcelona,2020-08-23,78685,514
Barcelona,2020-08-24,79670,985
Barcelona,2020-08-25,80587,917
Barcelona,2020-08-26,81565,978
Barcelona,2020-08-27,82518,953
Barcelona,2020-08-28,83453,935
Barcelona,2020-08-29,83936,483
Barcelona,2020-08-30,84386,450
Barcelona,2020-08-31,85279,893
Barcelona,2020-09-01,86264,985
Barcelona,2020-09-02,87116,852
Barcelona,2020-09-03,88010,894
Barcelona,2020-09-04,88975,965
Barcelona,2020-09-05,89538,563
Barcelona,2020-09-06,89981,443
Barcelona,2020-09-07,90762,781
Barcelona,2020-09-08,91579,817
Barcelona,2020-09-09,92379,800
Barcelona,2020-09-10,93288,909
Barcelona,2020-09-11,93824,536
Barcelona,2020-09-12,94376,552
Barcelona,2020-09-13,94812,436
Barcelona,2020-09-14,95648,836
Barcelona,2020-09-15,96638,990
Barcelona,2020-09-16,97644,1006
Barcelona,2020-09-17,98579,935
Barcelona,2020-09-18,99547,968
Barcelona,2020-09-19,100132,585
Barcelona,2020-09-20,100658,526
Barcelona,2020-09-21,101680,1022
Barcelona,2020-09-22,102574,894
Barcelona,2020-09-23,103472,898
Barcelona,2020-09-24,104119,647
Barcelona,2020-09-25,104998,879
Barcelona,2020-09-26,105526,528
Barcelona,2020-09-27,105990,464
Barcelona,2020-09-28,106971,981
Barcelona,2020-09-29,107995,1024
Barcelona,2020-09-30,109020,1025
Barcelona,2020-10-01,110258,1238
Barcelona,2020-10-02,111473,1215
Barcelona,2020-10-03,112238,765
Barcelona,2020-10-04,112868,630
Barcelona,2020-10-05,114236,1368
Barcelona,2020-10-06,115746,1510
Barcelona,2020-10-07,117306,1560
Barcelona,2020-10-08,119227,1921
Barcelona,2020-10-09,121309,2082
Barcelona,2020-10-10,122677,1368
Barcelona,2020-10-11,123727,1050
Barcelona,2020-10-12,125055,1328
Barcelona,2020-10-13,127363,2308
Barcelona,2020-10-14,129858,2495
Barcelona,2020-10-15,132581,2723
Barcelona,2020-10-16,135354,2773
Barcelona,2020-10-17,137267,1913
Barcelona,2020-10-18,139016,1749
Barcelona,2020-10-19,142548,3532
Barcelona,2020-10-20,146565,4017
Barcelona,2020-10-21,150548,3983
Barcelona,2020-10-22,154529,3981
Barcelona,2020-10-23,158434,3905
Barcelona,2020-10-24,160660,2226
Barcelona,2020-10-25,162723,2063
Barcelona,2020-10-26,166318,3595
Barcelona,2020-10-27,169986,3668
Barcelona,2020-10-28,173434,3448
Barcelona,2020-10-29,176663,3229
Barcelona,2020-10-30,180079,3416
Barcelona,2020-10-31,182089,2010
Barcelona,2020-11-01,183798,1709
Barcelona,2020-11-02,187016,3218
Barcelona,2020-11-03,190096,3080
Barcelona,2020-11-04,192695,2599
Barcelona,2020-11-05,195262,2567
Barcelona,2020-11-06,197544,2282
Barcelona,2020-11-07,198664,1120
Barcelona,2020-11-08,199312,648
Barcelona,2020-11-09,201184,1872
Barcelona,2020-11-10,202729,1545
Barcelona,2020-11-11,202860,131
Barcelona,2020-11-12,202860,0
Barcelona,2020-11-13,202860,0
Barcelona,2020-11-14,202860,0
