city,dates,Cases,I
Malaga,2020-02-21,12,12
Malaga,2020-02-22,14,2
Malaga,2020-02-23,16,2
Malaga,2020-02-24,18,2
Malaga,2020-02-25,26,8
Malaga,2020-02-26,29,3
Malaga,2020-02-27,33,4
Malaga,2020-02-28,37,4
Malaga,2020-02-29,41,4
Malaga,2020-03-01,55,14
Malaga,2020-03-02,70,15
Malaga,2020-03-03,85,15
Malaga,2020-03-04,98,13
Malaga,2020-03-05,122,24
Malaga,2020-03-06,162,40
Malaga,2020-03-07,193,31
Malaga,2020-03-08,231,38
Malaga,2020-03-09,274,43
Malaga,2020-03-10,340,66
Malaga,2020-03-11,420,80
Malaga,2020-03-12,515,95
Malaga,2020-03-13,654,139
Malaga,2020-03-14,756,102
Malaga,2020-03-15,868,112
Malaga,2020-03-16,1019,151
Malaga,2020-03-17,1168,149
Malaga,2020-03-18,1298,130
Malaga,2020-03-19,1441,143
Malaga,2020-03-20,1634,193
Malaga,2020-03-21,1740,106
Malaga,2020-03-22,1830,90
Malaga,2020-03-23,1926,96
Malaga,2020-03-24,2022,96
Malaga,2020-03-25,2120,98
Malaga,2020-03-26,2198,78
Malaga,2020-03-27,2247,49
Malaga,2020-03-28,2297,50
Malaga,2020-03-29,2347,50
Malaga,2020-03-30,2382,35
Malaga,2020-03-31,2413,31
Malaga,2020-04-01,2464,51
Malaga,2020-04-02,2505,41
Malaga,2020-04-03,2542,37
Malaga,2020-04-04,2561,19
Malaga,2020-04-05,2586,25
Malaga,2020-04-06,2604,18
Malaga,2020-04-07,2629,25
Malaga,2020-04-08,2665,36
Malaga,2020-04-09,2690,25
Malaga,2020-04-10,2705,15
Malaga,2020-04-11,2718,13
Malaga,2020-04-12,2729,11
Malaga,2020-04-13,2735,6
Malaga,2020-04-14,2743,8
Malaga,2020-04-15,2753,10
Malaga,2020-04-16,2761,8
Malaga,2020-04-17,2774,13
Malaga,2020-04-18,2785,11
Malaga,2020-04-19,2791,6
Malaga,2020-04-20,2795,4
Malaga,2020-04-21,2800,5
Malaga,2020-04-22,2807,7
Malaga,2020-04-23,2815,8
Malaga,2020-04-24,2821,6
Malaga,2020-04-25,2825,4
Malaga,2020-04-26,2828,3
Malaga,2020-04-27,2830,2
Malaga,2020-04-28,2832,2
Malaga,2020-04-29,2836,4
Malaga,2020-04-30,2840,4
Malaga,2020-05-01,2842,2
Malaga,2020-05-02,2846,4
Malaga,2020-05-03,2847,1
Malaga,2020-05-04,2851,4
Malaga,2020-05-05,2852,1
Malaga,2020-05-06,2853,1
Malaga,2020-05-07,2854,1
Malaga,2020-05-08,2854,0
Malaga,2020-05-09,2854,0
Malaga,2020-05-10,2855,1
Malaga,2020-05-11,2858,3
Malaga,2020-05-12,2861,3
Malaga,2020-05-13,2864,3
Malaga,2020-05-14,2865,1
Malaga,2020-05-15,2866,1
Malaga,2020-05-16,2867,1
Malaga,2020-05-17,2868,1
Malaga,2020-05-18,2871,3
Malaga,2020-05-19,2873,2
Malaga,2020-05-20,2874,1
Malaga,2020-05-21,2874,0
Malaga,2020-05-22,2875,1
Malaga,2020-05-23,2878,3
Malaga,2020-05-24,2878,0
Malaga,2020-05-25,2882,4
Malaga,2020-05-26,2882,0
Malaga,2020-05-27,2884,2
Malaga,2020-05-28,2885,1
Malaga,2020-05-29,2890,5
Malaga,2020-05-30,2895,5
Malaga,2020-05-31,2898,3
Malaga,2020-06-01,2902,4
Malaga,2020-06-02,2904,2
Malaga,2020-06-03,2906,2
Malaga,2020-06-04,2909,3
Malaga,2020-06-05,2912,3
Malaga,2020-06-06,2916,4
Malaga,2020-06-07,2917,1
Malaga,2020-06-08,2918,1
Malaga,2020-06-09,2920,2
Malaga,2020-06-10,2923,3
Malaga,2020-06-11,2925,2
Malaga,2020-06-12,2926,1
Malaga,2020-06-13,2927,1
Malaga,2020-06-14,2929,2
Malaga,2020-06-15,2930,1
Malaga,2020-06-16,2931,1
Malaga,2020-06-17,2933,2
Malaga,2020-06-18,2935,2
Malaga,2020-06-19,2936,1
Malaga,2020-06-20,2940,4
Malaga,2020-06-21,2944,4
Malaga,2020-06-22,2950,6
Malaga,2020-06-23,2958,8
Malaga,2020-06-24,3023,65
Malaga,2020-06-25,3029,6
Malaga,2020-06-26,3031,2
Malaga,2020-06-27,3035,4
Malaga,2020-06-28,3047,12
Malaga,2020-06-29,3049,2
Malaga,2020-06-30,3053,4
Malaga,2020-07-01,3054,1
Malaga,2020-07-02,3056,2
Malaga,2020-07-03,3059,3
Malaga,2020-07-04,3062,3
Malaga,2020-07-05,3065,3
Malaga,2020-07-06,3068,3
Malaga,2020-07-07,3075,7
Malaga,2020-07-08,3082,7
Malaga,2020-07-09,3087,5
Malaga,2020-07-10,3099,12
Malaga,2020-07-11,3106,7
Malaga,2020-07-12,3112,6
Malaga,2020-07-13,3122,10
Malaga,2020-07-14,3140,18
Malaga,2020-07-15,3156,16
Malaga,2020-07-16,3177,21
Malaga,2020-07-17,3192,15
Malaga,2020-07-18,3204,12
Malaga,2020-07-19,3219,15
Malaga,2020-07-20,3241,22
Malaga,2020-07-21,3261,20
Malaga,2020-07-22,3280,19
Malaga,2020-07-23,3309,29
Malaga,2020-07-24,3338,29
Malaga,2020-07-25,3366,28
Malaga,2020-07-26,3389,23
Malaga,2020-07-27,3434,45
Malaga,2020-07-28,3470,36
Malaga,2020-07-29,3518,48
Malaga,2020-07-30,3550,32
Malaga,2020-07-31,3614,64
Malaga,2020-08-01,3680,66
Malaga,2020-08-02,3732,52
Malaga,2020-08-03,3814,82
Malaga,2020-08-04,3904,90
Malaga,2020-08-05,4019,115
Malaga,2020-08-06,4141,122
Malaga,2020-08-07,4288,147
Malaga,2020-08-08,4410,122
Malaga,2020-08-09,4512,102
Malaga,2020-08-10,4673,161
Malaga,2020-08-11,4853,180
Malaga,2020-08-12,5072,219
Malaga,2020-08-13,5281,209
Malaga,2020-08-14,5532,251
Malaga,2020-08-15,5719,187
Malaga,2020-08-16,5943,224
Malaga,2020-08-17,6197,254
Malaga,2020-08-18,6465,268
Malaga,2020-08-19,6680,215
Malaga,2020-08-20,6944,264
Malaga,2020-08-21,7245,301
Malaga,2020-08-22,7481,236
Malaga,2020-08-23,7732,251
Malaga,2020-08-24,8010,278
Malaga,2020-08-25,8277,267
Malaga,2020-08-26,8583,306
Malaga,2020-08-27,8827,244
Malaga,2020-08-28,9187,360
Malaga,2020-08-29,9416,229
Malaga,2020-08-30,9674,258
Malaga,2020-08-31,9998,324
Malaga,2020-09-01,10296,298
Malaga,2020-09-02,10549,253
Malaga,2020-09-03,10801,252
Malaga,2020-09-04,11093,292
Malaga,2020-09-05,11347,254
Malaga,2020-09-06,11615,268
Malaga,2020-09-07,11843,228
Malaga,2020-09-08,12069,226
Malaga,2020-09-09,12285,216
Malaga,2020-09-10,12536,251
Malaga,2020-09-11,12830,294
Malaga,2020-09-12,13040,210
Malaga,2020-09-13,13214,174
Malaga,2020-09-14,13434,220
Malaga,2020-09-15,13632,198
Malaga,2020-09-16,13840,208
Malaga,2020-09-17,14084,244
Malaga,2020-09-18,14260,176
Malaga,2020-09-19,14452,192
Malaga,2020-09-20,14621,169
Malaga,2020-09-21,14834,213
Malaga,2020-09-22,15047,213
Malaga,2020-09-23,15288,241
Malaga,2020-09-24,15451,163
Malaga,2020-09-25,15619,168
Malaga,2020-09-26,15800,181
Malaga,2020-09-27,15912,112
Malaga,2020-09-28,16048,136
Malaga,2020-09-29,16199,151
Malaga,2020-09-30,16377,178
Malaga,2020-10-01,16559,182
Malaga,2020-10-02,16700,141
Malaga,2020-10-03,16823,123
Malaga,2020-10-04,16962,139
Malaga,2020-10-05,17126,164
Malaga,2020-10-06,17323,197
Malaga,2020-10-07,17543,220
Malaga,2020-10-08,17780,237
Malaga,2020-10-09,18066,286
Malaga,2020-10-10,18260,194
Malaga,2020-10-11,18409,149
Malaga,2020-10-12,18542,133
Malaga,2020-10-13,18743,201
Malaga,2020-10-14,19057,314
Malaga,2020-10-15,19354,297
Malaga,2020-10-16,19663,309
Malaga,2020-10-17,19902,239
Malaga,2020-10-18,20092,190
Malaga,2020-10-19,20374,282
Malaga,2020-10-20,20698,324
Malaga,2020-10-21,21128,430
Malaga,2020-10-22,21491,363
Malaga,2020-10-23,21842,351
Malaga,2020-10-24,22110,268
Malaga,2020-10-25,22300,190
Malaga,2020-10-26,22664,364
Malaga,2020-10-27,23105,441
Malaga,2020-10-28,23530,425
Malaga,2020-10-29,23929,399
Malaga,2020-10-30,24379,450
Malaga,2020-10-31,24713,334
Malaga,2020-11-01,24980,267
Malaga,2020-11-02,25192,212
Malaga,2020-11-03,25582,390
Malaga,2020-11-04,25992,410
Malaga,2020-11-05,26413,421
Malaga,2020-11-06,26938,525
Malaga,2020-11-07,27199,261
Malaga,2020-11-08,27359,160
Malaga,2020-11-09,27642,283
Malaga,2020-11-10,27929,287
Malaga,2020-11-11,27994,65
Malaga,2020-11-12,27994,0
Malaga,2020-11-13,27994,0
