city,dates,Cases,I
Sevilla,2020-02-27,13,13
Sevilla,2020-02-28,16,3
Sevilla,2020-02-29,17,1
Sevilla,2020-03-01,21,4
Sevilla,2020-03-02,27,6
Sevilla,2020-03-03,32,5
Sevilla,2020-03-04,36,4
Sevilla,2020-03-05,46,10
Sevilla,2020-03-06,51,5
Sevilla,2020-03-07,62,11
Sevilla,2020-03-08,70,8
Sevilla,2020-03-09,106,36
Sevilla,2020-03-10,146,40
Sevilla,2020-03-11,182,36
Sevilla,2020-03-12,233,51
Sevilla,2020-03-13,318,85
Sevilla,2020-03-14,389,71
Sevilla,2020-03-15,457,68
Sevilla,2020-03-16,552,95
Sevilla,2020-03-17,659,107
Sevilla,2020-03-18,747,88
Sevilla,2020-03-19,861,114
Sevilla,2020-03-20,1009,148
Sevilla,2020-03-21,1111,102
Sevilla,2020-03-22,1250,139
Sevilla,2020-03-23,1389,139
Sevilla,2020-03-24,1478,89
Sevilla,2020-03-25,1598,120
Sevilla,2020-03-26,1688,90
Sevilla,2020-03-27,1764,76
Sevilla,2020-03-28,1801,37
Sevilla,2020-03-29,1839,38
Sevilla,2020-03-30,1897,58
Sevilla,2020-03-31,1947,50
Sevilla,2020-04-01,2009,62
Sevilla,2020-04-02,2043,34
Sevilla,2020-04-03,2083,40
Sevilla,2020-04-04,2138,55
Sevilla,2020-04-05,2181,43
Sevilla,2020-04-06,2212,31
Sevilla,2020-04-07,2246,34
Sevilla,2020-04-08,2270,24
Sevilla,2020-04-09,2294,24
Sevilla,2020-04-10,2311,17
Sevilla,2020-04-11,2328,17
Sevilla,2020-04-12,2353,25
Sevilla,2020-04-13,2368,15
Sevilla,2020-04-14,2378,10
Sevilla,2020-04-15,2390,12
Sevilla,2020-04-16,2400,10
Sevilla,2020-04-17,2409,9
Sevilla,2020-04-18,2416,7
Sevilla,2020-04-19,2427,11
Sevilla,2020-04-20,2431,4
Sevilla,2020-04-21,2445,14
Sevilla,2020-04-22,2454,9
Sevilla,2020-04-23,2459,5
Sevilla,2020-04-24,2462,3
Sevilla,2020-04-25,2466,4
Sevilla,2020-04-26,2468,2
Sevilla,2020-04-27,2473,5
Sevilla,2020-04-28,2476,3
Sevilla,2020-04-29,2485,9
Sevilla,2020-04-30,2492,7
Sevilla,2020-05-01,2499,7
Sevilla,2020-05-02,2504,5
Sevilla,2020-05-03,2506,2
Sevilla,2020-05-04,2508,2
Sevilla,2020-05-05,2513,5
Sevilla,2020-05-06,2515,2
Sevilla,2020-05-07,2515,0
Sevilla,2020-05-08,2518,3
Sevilla,2020-05-09,2518,0
Sevilla,2020-05-10,2519,1
Sevilla,2020-05-11,2520,1
Sevilla,2020-05-12,2521,1
Sevilla,2020-05-13,2522,1
Sevilla,2020-05-14,2524,2
Sevilla,2020-05-15,2527,3
Sevilla,2020-05-16,2527,0
Sevilla,2020-05-17,2528,1
Sevilla,2020-05-18,2528,0
Sevilla,2020-05-19,2530,2
Sevilla,2020-05-20,2532,2
Sevilla,2020-05-21,2533,1
Sevilla,2020-05-22,2535,2
Sevilla,2020-05-23,2536,1
Sevilla,2020-05-24,2537,1
Sevilla,2020-05-25,2537,0
Sevilla,2020-05-26,2537,0
Sevilla,2020-05-27,2537,0
Sevilla,2020-05-28,2537,0
Sevilla,2020-05-29,2539,2
Sevilla,2020-05-30,2539,0
Sevilla,2020-05-31,2539,0
Sevilla,2020-06-01,2540,1
Sevilla,2020-06-02,2542,2
Sevilla,2020-06-03,2545,3
Sevilla,2020-06-04,2546,1
Sevilla,2020-06-05,2547,1
Sevilla,2020-06-06,2548,1
Sevilla,2020-06-07,2548,0
Sevilla,2020-06-08,2553,5
Sevilla,2020-06-09,2554,1
Sevilla,2020-06-10,2555,1
Sevilla,2020-06-11,2555,0
Sevilla,2020-06-12,2556,1
Sevilla,2020-06-13,2556,0
Sevilla,2020-06-14,2556,0
Sevilla,2020-06-15,2558,2
Sevilla,2020-06-16,2559,1
Sevilla,2020-06-17,2559,0
Sevilla,2020-06-18,2559,0
Sevilla,2020-06-19,2559,0
Sevilla,2020-06-20,2559,0
Sevilla,2020-06-21,2559,0
Sevilla,2020-06-22,2560,1
Sevilla,2020-06-23,2560,0
Sevilla,2020-06-24,2561,1
Sevilla,2020-06-25,2561,0
Sevilla,2020-06-26,2563,2
Sevilla,2020-06-27,2563,0
Sevilla,2020-06-28,2563,0
Sevilla,2020-06-29,2564,1
Sevilla,2020-06-30,2564,0
Sevilla,2020-07-01,2567,3
Sevilla,2020-07-02,2567,0
Sevilla,2020-07-03,2568,1
Sevilla,2020-07-04,2568,0
Sevilla,2020-07-05,2568,0
Sevilla,2020-07-06,2570,2
Sevilla,2020-07-07,2572,2
Sevilla,2020-07-08,2572,0
Sevilla,2020-07-09,2572,0
Sevilla,2020-07-10,2574,2
Sevilla,2020-07-11,2575,1
Sevilla,2020-07-12,2575,0
Sevilla,2020-07-13,2579,4
Sevilla,2020-07-14,2584,5
Sevilla,2020-07-15,2592,8
Sevilla,2020-07-16,2595,3
Sevilla,2020-07-17,2601,6
Sevilla,2020-07-18,2604,3
Sevilla,2020-07-19,2610,6
Sevilla,2020-07-20,2621,11
Sevilla,2020-07-21,2635,14
Sevilla,2020-07-22,2647,12
Sevilla,2020-07-23,2661,14
Sevilla,2020-07-24,2695,34
Sevilla,2020-07-25,2715,20
Sevilla,2020-07-26,2733,18
Sevilla,2020-07-27,2753,20
Sevilla,2020-07-28,2780,27
Sevilla,2020-07-29,2802,22
Sevilla,2020-07-30,2823,21
Sevilla,2020-07-31,2849,26
Sevilla,2020-08-01,2893,44
Sevilla,2020-08-02,2923,30
Sevilla,2020-08-03,2956,33
Sevilla,2020-08-04,3009,53
Sevilla,2020-08-05,3039,30
Sevilla,2020-08-06,3066,27
Sevilla,2020-08-07,3109,43
Sevilla,2020-08-08,3150,41
Sevilla,2020-08-09,3191,41
Sevilla,2020-08-10,3248,57
Sevilla,2020-08-11,3304,56
Sevilla,2020-08-12,3354,50
Sevilla,2020-08-13,3417,63
Sevilla,2020-08-14,3513,96
Sevilla,2020-08-15,3588,75
Sevilla,2020-08-16,3636,48
Sevilla,2020-08-17,3718,82
Sevilla,2020-08-18,3833,115
Sevilla,2020-08-19,3960,127
Sevilla,2020-08-20,4062,102
Sevilla,2020-08-21,4154,92
Sevilla,2020-08-22,4260,106
Sevilla,2020-08-23,4349,89
Sevilla,2020-08-24,4493,144
Sevilla,2020-08-25,4626,133
Sevilla,2020-08-26,4768,142
Sevilla,2020-08-27,4909,141
Sevilla,2020-08-28,5042,133
Sevilla,2020-08-29,5155,113
Sevilla,2020-08-30,5276,121
Sevilla,2020-08-31,5423,147
Sevilla,2020-09-01,5595,172
Sevilla,2020-09-02,5748,153
Sevilla,2020-09-03,5903,155
Sevilla,2020-09-04,6127,224
Sevilla,2020-09-05,6306,179
Sevilla,2020-09-06,6424,118
Sevilla,2020-09-07,6622,198
Sevilla,2020-09-08,6844,222
Sevilla,2020-09-09,7089,245
Sevilla,2020-09-10,7326,237
Sevilla,2020-09-11,7610,284
Sevilla,2020-09-12,7818,208
Sevilla,2020-09-13,8018,200
Sevilla,2020-09-14,8294,276
Sevilla,2020-09-15,8531,237
Sevilla,2020-09-16,8891,360
Sevilla,2020-09-17,9144,253
Sevilla,2020-09-18,9511,367
Sevilla,2020-09-19,9797,286
Sevilla,2020-09-20,10031,234
Sevilla,2020-09-21,10353,322
Sevilla,2020-09-22,10700,347
Sevilla,2020-09-23,11066,366
Sevilla,2020-09-24,11446,380
Sevilla,2020-09-25,11791,345
Sevilla,2020-09-26,12050,259
Sevilla,2020-09-27,12216,166
Sevilla,2020-09-28,12463,247
Sevilla,2020-09-29,12835,372
Sevilla,2020-09-30,13237,402
Sevilla,2020-10-01,13561,324
Sevilla,2020-10-02,14084,523
Sevilla,2020-10-03,14367,283
Sevilla,2020-10-04,14670,303
Sevilla,2020-10-05,15201,531
Sevilla,2020-10-06,15783,582
Sevilla,2020-10-07,16257,474
Sevilla,2020-10-08,17013,756
Sevilla,2020-10-09,17735,722
Sevilla,2020-10-10,18138,403
Sevilla,2020-10-11,18495,357
Sevilla,2020-10-12,18822,327
Sevilla,2020-10-13,19355,533
Sevilla,2020-10-14,20143,788
Sevilla,2020-10-15,21094,951
Sevilla,2020-10-16,21978,884
Sevilla,2020-10-17,22658,680
Sevilla,2020-10-18,23117,459
Sevilla,2020-10-19,23952,835
Sevilla,2020-10-20,24967,1015
Sevilla,2020-10-21,26121,1154
Sevilla,2020-10-22,27282,1161
Sevilla,2020-10-23,28567,1285
Sevilla,2020-10-24,29299,732
Sevilla,2020-10-25,29822,523
Sevilla,2020-10-26,30780,958
Sevilla,2020-10-27,31855,1075
Sevilla,2020-10-28,33025,1170
Sevilla,2020-10-29,34193,1168
Sevilla,2020-10-30,35455,1262
Sevilla,2020-10-31,36196,741
Sevilla,2020-11-01,36696,500
Sevilla,2020-11-02,37130,434
Sevilla,2020-11-03,38027,897
Sevilla,2020-11-04,39030,1003
Sevilla,2020-11-05,40037,1007
Sevilla,2020-11-06,41066,1029
Sevilla,2020-11-07,41634,568
Sevilla,2020-11-08,41982,348
Sevilla,2020-11-09,42637,655
Sevilla,2020-11-10,43365,728
Sevilla,2020-11-11,43409,44
Sevilla,2020-11-12,43409,0
Sevilla,2020-11-13,43409,0
