city,dates,Cases,I
Valencia,2020-02-15,10,10
Valencia,2020-02-16,10,0
Valencia,2020-02-17,12,2
Valencia,2020-02-18,12,0
Valencia,2020-02-19,12,0
Valencia,2020-02-20,15,3
Valencia,2020-02-21,16,1
Valencia,2020-02-22,16,0
Valencia,2020-02-23,19,3
Valencia,2020-02-24,25,6
Valencia,2020-02-25,31,6
Valencia,2020-02-26,35,4
Valencia,2020-02-27,45,10
Valencia,2020-02-28,59,14
Valencia,2020-02-29,65,6
Valencia,2020-03-01,84,19
Valencia,2020-03-02,100,16
Valencia,2020-03-03,117,17
Valencia,2020-03-04,135,18
Valencia,2020-03-05,157,22
Valencia,2020-03-06,196,39
Valencia,2020-03-07,242,46
Valencia,2020-03-08,298,56
Valencia,2020-03-09,395,97
Valencia,2020-03-10,546,151
Valencia,2020-03-11,689,143
Valencia,2020-03-12,882,193
Valencia,2020-03-13,1128,246
Valencia,2020-03-14,1375,247
Valencia,2020-03-15,1614,239
Valencia,2020-03-16,1927,313
Valencia,2020-03-17,2193,266
Valencia,2020-03-18,2459,266
Valencia,2020-03-19,2677,218
Valencia,2020-03-20,2928,251
Valencia,2020-03-21,3140,212
Valencia,2020-03-22,3312,172
Valencia,2020-03-23,3547,235
Valencia,2020-03-24,3702,155
Valencia,2020-03-25,3898,196
Valencia,2020-03-26,4025,127
Valencia,2020-03-27,4194,169
Valencia,2020-03-28,4299,105
Valencia,2020-03-29,4402,103
Valencia,2020-03-30,4544,142
Valencia,2020-03-31,4619,75
Valencia,2020-04-01,4737,118
Valencia,2020-04-02,4835,98
Valencia,2020-04-03,4944,109
Valencia,2020-04-04,5018,74
Valencia,2020-04-05,5083,65
Valencia,2020-04-06,5176,93
Valencia,2020-04-07,5250,74
Valencia,2020-04-08,5319,69
Valencia,2020-04-09,5390,71
Valencia,2020-04-10,5444,54
Valencia,2020-04-11,5492,48
Valencia,2020-04-12,5540,48
Valencia,2020-04-13,5574,34
Valencia,2020-04-14,5610,36
Valencia,2020-04-15,5655,45
Valencia,2020-04-16,5685,30
Valencia,2020-04-17,5755,70
Valencia,2020-04-18,5785,30
Valencia,2020-04-19,5812,27
Valencia,2020-04-20,5834,22
Valencia,2020-04-21,5862,28
Valencia,2020-04-22,5883,21
Valencia,2020-04-23,5908,25
Valencia,2020-04-24,5932,24
Valencia,2020-04-25,5955,23
Valencia,2020-04-26,5963,8
Valencia,2020-04-27,5977,14
Valencia,2020-04-28,6000,23
Valencia,2020-04-29,6016,16
Valencia,2020-04-30,6030,14
Valencia,2020-05-01,6047,17
Valencia,2020-05-02,6065,18
Valencia,2020-05-03,6079,14
Valencia,2020-05-04,6085,6
Valencia,2020-05-05,6091,6
Valencia,2020-05-06,6100,9
Valencia,2020-05-07,6102,2
Valencia,2020-05-08,6106,4
Valencia,2020-05-09,6110,4
Valencia,2020-05-10,6111,1
Valencia,2020-05-11,6119,8
Valencia,2020-05-12,6129,10
Valencia,2020-05-13,6133,4
Valencia,2020-05-14,6140,7
Valencia,2020-05-15,6145,5
Valencia,2020-05-16,6148,3
Valencia,2020-05-17,6152,4
Valencia,2020-05-18,6157,5
Valencia,2020-05-19,6163,6
Valencia,2020-05-20,6166,3
Valencia,2020-05-21,6170,4
Valencia,2020-05-22,6178,8
Valencia,2020-05-23,6181,3
Valencia,2020-05-24,6189,8
Valencia,2020-05-25,6192,3
Valencia,2020-05-26,6195,3
Valencia,2020-05-27,6203,8
Valencia,2020-05-28,6207,4
Valencia,2020-05-29,6211,4
Valencia,2020-05-30,6216,5
Valencia,2020-05-31,6220,4
Valencia,2020-06-01,6231,11
Valencia,2020-06-02,6249,18
Valencia,2020-06-03,6257,8
Valencia,2020-06-04,6263,6
Valencia,2020-06-05,6269,6
Valencia,2020-06-06,6276,7
Valencia,2020-06-07,6282,6
Valencia,2020-06-08,6284,2
Valencia,2020-06-09,6288,4
Valencia,2020-06-10,6291,3
Valencia,2020-06-11,6300,9
Valencia,2020-06-12,6307,7
Valencia,2020-06-13,6310,3
Valencia,2020-06-14,6311,1
Valencia,2020-06-15,6319,8
Valencia,2020-06-16,6328,9
Valencia,2020-06-17,6332,4
Valencia,2020-06-18,6336,4
Valencia,2020-06-19,6346,10
Valencia,2020-06-20,6349,3
Valencia,2020-06-21,6355,6
Valencia,2020-06-22,6358,3
Valencia,2020-06-23,6366,8
Valencia,2020-06-24,6369,3
Valencia,2020-06-25,6374,5
Valencia,2020-06-26,6386,12
Valencia,2020-06-27,6393,7
Valencia,2020-06-28,6397,4
Valencia,2020-06-29,6409,12
Valencia,2020-06-30,6419,10
Valencia,2020-07-01,6434,15
Valencia,2020-07-02,6453,19
Valencia,2020-07-03,6463,10
Valencia,2020-07-04,6468,5
Valencia,2020-07-05,6472,4
Valencia,2020-07-06,6488,16
Valencia,2020-07-07,6506,18
Valencia,2020-07-08,6523,17
Valencia,2020-07-09,6542,19
Valencia,2020-07-10,6567,25
Valencia,2020-07-11,6590,23
Valencia,2020-07-12,6601,11
Valencia,2020-07-13,6630,29
Valencia,2020-07-14,6668,38
Valencia,2020-07-15,6714,46
Valencia,2020-07-16,6761,47
Valencia,2020-07-17,6806,45
Valencia,2020-07-18,6863,57
Valencia,2020-07-19,6908,45
Valencia,2020-07-20,6978,70
Valencia,2020-07-21,7031,53
Valencia,2020-07-22,7105,74
Valencia,2020-07-23,7181,76
Valencia,2020-07-24,7272,91
Valencia,2020-07-25,7371,99
Valencia,2020-07-26,7433,62
Valencia,2020-07-27,7564,131
Valencia,2020-07-28,7698,134
Valencia,2020-07-29,7874,176
Valencia,2020-07-30,8051,177
Valencia,2020-07-31,8222,171
Valencia,2020-08-01,8419,197
Valencia,2020-08-02,8551,132
Valencia,2020-08-03,8746,195
Valencia,2020-08-04,9007,261
Valencia,2020-08-05,9268,261
Valencia,2020-08-06,9501,233
Valencia,2020-08-07,9755,254
Valencia,2020-08-08,9980,225
Valencia,2020-08-09,10183,203
Valencia,2020-08-10,10463,280
Valencia,2020-08-11,10736,273
Valencia,2020-08-12,11051,315
Valencia,2020-08-13,11366,315
Valencia,2020-08-14,11730,364
Valencia,2020-08-15,12005,275
Valencia,2020-08-16,12209,204
Valencia,2020-08-17,12548,339
Valencia,2020-08-18,12894,346
Valencia,2020-08-19,13244,350
Valencia,2020-08-20,13624,380
Valencia,2020-08-21,14020,396
Valencia,2020-08-22,14367,347
Valencia,2020-08-23,14632,265
Valencia,2020-08-24,15046,414
Valencia,2020-08-25,15375,329
Valencia,2020-08-26,15795,420
Valencia,2020-08-27,16140,345
Valencia,2020-08-28,16569,429
Valencia,2020-08-29,16973,404
Valencia,2020-08-30,17192,219
Valencia,2020-08-31,17450,258
Valencia,2020-09-01,17767,317
Valencia,2020-09-02,18102,335
Valencia,2020-09-03,18350,248
Valencia,2020-09-04,18669,319
Valencia,2020-09-05,18975,306
Valencia,2020-09-06,19172,197
Valencia,2020-09-07,19430,258
Valencia,2020-09-08,19709,279
Valencia,2020-09-09,19985,276
Valencia,2020-09-10,20290,305
Valencia,2020-09-11,20575,285
Valencia,2020-09-12,20810,235
Valencia,2020-09-13,21006,196
Valencia,2020-09-14,21235,229
Valencia,2020-09-15,21475,240
Valencia,2020-09-16,21741,266
Valencia,2020-09-17,21975,234
Valencia,2020-09-18,22204,229
Valencia,2020-09-19,22410,206
Valencia,2020-09-20,22568,158
Valencia,2020-09-21,22765,197
Valencia,2020-09-22,23009,244
Valencia,2020-09-23,23227,218
Valencia,2020-09-24,23416,189
Valencia,2020-09-25,23601,185
Valencia,2020-09-26,23793,192
Valencia,2020-09-27,23930,137
Valencia,2020-09-28,24130,200
Valencia,2020-09-29,24319,189
Valencia,2020-09-30,24560,241
Valencia,2020-10-01,24805,245
Valencia,2020-10-02,25028,223
Valencia,2020-10-03,25235,207
Valencia,2020-10-04,25429,194
Valencia,2020-10-05,25716,287
Valencia,2020-10-06,26054,338
Valencia,2020-10-07,26353,299
Valencia,2020-10-08,26694,341
Valencia,2020-10-09,27030,336
Valencia,2020-10-10,27294,264
Valencia,2020-10-11,27553,259
Valencia,2020-10-12,27840,287
Valencia,2020-10-13,28271,431
Valencia,2020-10-14,28793,522
Valencia,2020-10-15,29276,483
Valencia,2020-10-16,29796,520
Valencia,2020-10-17,30302,506
Valencia,2020-10-18,30731,429
Valencia,2020-10-19,31306,575
Valencia,2020-10-20,31956,650
Valencia,2020-10-21,32621,665
Valencia,2020-10-22,33190,569
Valencia,2020-10-23,33802,612
Valencia,2020-10-24,34334,532
Valencia,2020-10-25,34748,414
Valencia,2020-10-26,35308,560
Valencia,2020-10-27,35964,656
Valencia,2020-10-28,36586,622
Valencia,2020-10-29,37233,647
Valencia,2020-10-30,37938,705
Valencia,2020-10-31,38478,540
Valencia,2020-11-01,38870,392
Valencia,2020-11-02,39452,582
Valencia,2020-11-03,40050,598
Valencia,2020-11-04,40645,595
Valencia,2020-11-05,41211,566
Valencia,2020-11-06,41751,540
Valencia,2020-11-07,42199,448
Valencia,2020-11-08,42434,235
Valencia,2020-11-09,42663,229
Valencia,2020-11-10,42848,185
Valencia,2020-11-11,42934,86
Valencia,2020-11-12,42934,0
Valencia,2020-11-13,42934,0
Valencia,2020-11-14,42934,0
Valencia,2020-11-15,42934,0
